

//Question 1

gspecq@if501-219-11 ~/Téléchargements/starter-kit $ time ./question1
77 : 7 11 
84 : 2 2 3 7 
429496729675917 : 3 18229 7853726291 

real	0m0.003s


//Question 2

gspecq@if501-219-11 ~/Téléchargements/starter-kit $ time ./question2
77 : 7 11 
27166 : 2 17 17 47 
1804289 : 127 14207 
168150 : 2 3 5 5 19 59 
8469308 : 2 2 389 5443 
123456789123456789 : 3 3 7 11 13 19 3607 3803 52579 

real	0m0.002s



gspecq@if501-219-11 ~/Téléchargements/starter-kit $ time ./question2 test.txt 
3637540459146593639 : 313 11621535013247903 
8408462746465814643 : 3 3 13 463 2902187 53484059 
3637540459146593639 : 313 11621535013247903 
5109470997758484265 : 5 23 44430182589204211 
3364542905610852267 : 3 17 43 179 751 2767 4124633 
8450407968639461859 : 3 17 113 20161 72730569313 
3637540459146593639 : 313 11621535013247903 
150346237738035192 : 2 2 2 3 7 40583 47041 468773 
7417221384466648551 : 3 2472407128155549517 
1197105577798542682 : 2 1175407 509230240163 
150346237738035192 : 2 2 2 3 7 40583 47041 468773 
150346237738035192 : 2 2 2 3 7 40583 47041 468773 
3637540459146593639 : 313 11621535013247903 
4835695807260479501 : 59 81960945885770839 
2697991130498458712 : 2 2 2 103 181 225307 80289739 
1197105577798542682 : 2 1175407 509230240163 
8222907814687453445 : 5 1931 362393 2350137883 
7449943748619623145 : 3 5 113 6562097 669793063 
150346237738035192 : 2 2 2 3 7 40583 47041 468773 
793725101485052109 : 3 4679 56545209196057 

real	0m20.543s


//Question 3

gspecq@if501-219-11 ~/Téléchargements/starter-kit $ time ./question3 test.txt 
3637540459146593639 : 313 8408462746465814643 : 3 3 13 463 2902187 53484059 
11621535013247903 
5109470997758484265 : 5 23 3637540459146593639 : 313 11621535013247903 
44430182589204211 
8450407968639461859 : 3 17 3364542905610852267 : 113 3 17 43 179 751 2767 4124633 
20161 72730569313 
150346237738035192 : 2 2 3637540459146593639 : 2 3 7 313 40583 47041 468773 
11621535013247903 
1197105577798542682 : 2 7417221384466648551 : 3 1175407 509230240163 
2472407128155549517 
150346237738035192 : 2 2 2 3 7 150346237738035192 : 2 2 2 3 7 40583 40583 47041 468773 
47041 468773 
3637540459146593639 : 313 4835695807260479501 : 59 11621535013247903 
81960945885770839 
2697991130498458712 : 2 2 2 103 181 1197105577798542682 : 2 225307 80289739 
1175407 509230240163 
8222907814687453445 : 5 7449943748619623145 : 3 5 113 1931 362393 2350137883 
6562097 669793063 
150346237738035192 : 2 2 2 3 7 793725101485052109 : 3 4679 40583 47041 468773 
56545209196057 

real	0m18.665s


//Question 4



//Question 6

gspecq@if501-219-11 ~/Téléchargements/starter-kit $ time ./question5 test.txt 
3637540459146593639 : 313 8408462746465814643 : 3 3 13 463 2902187 53484059 
3637540459146593639 : 313 11621535013247903 
5109470997758484265 : 5 23 11621535013247903 
3364542905610852267 : 3 17 43 179 751 2767 4124633 
8450407968639461859 : 3 17 113 20161 72730569313 
3637540459146593639 : 313 11621535013247903 
150346237738035192 : 2 2 2 3 7 40583 47041 468773 
7417221384466648551 : 3 44430182589204211 
1197105577798542682 : 2 1175407 509230240163 
150346237738035192 : 2 2 2 3 7 40583 47041 468773 
150346237738035192 : 2 2 2 3 7 40583 47041 468773 
3637540459146593639 : 313 11621535013247903 
4835695807260479501 : 59 81960945885770839 
2697991130498458712 : 2 2 2 103 181 225307 80289739 
1197105577798542682 : 2 1175407 509230240163 
8222907814687453445 : 5 1931 362393 2350137883 
7449943748619623145 : 3 5 113 6562097 669793063 
150346237738035192 : 2 2 2 3 7 40583 47041 468773 
793725101485052109 : 3 4679 56545209196057 
2472407128155549517 

real	0m14.554s


//Question 9

gspecq@if501-219-11 ~/Téléchargements/starter-kit $ time ./question7 test.txt 
8408462746465814643: 3 3 13 463 2902187 53484059 
3637540459146593639: 313 11621535013247903 
3637540459146593639: 313 11621535013247903 
3364542905610852267: 3 17 43 179 751 2767 4124633 
8450407968639461859: 3 17 113 20161 72730569313 
3637540459146593639: 313 11621535013247903 
150346237738035192: 2 2 2 3 7 40583 47041 468773 
5109470997758484265: 5 23 44430182589204211 
1197105577798542682: 2 1175407 509230240163 
150346237738035192: 2 2 2 3 7 40583 47041 468773 
150346237738035192: 2 2 2 3 7 40583 47041 468773 
3637540459146593639: 313 11621535013247903 
4835695807260479501: 59 81960945885770839 
2697991130498458712: 2 2 2 103 181 225307 80289739 
1197105577798542682: 2 1175407 509230240163 
8222907814687453445: 5 1931 362393 2350137883 
7449943748619623145: 3 5 113 6562097 669793063 
150346237738035192: 2 2 2 3 7 40583 47041 468773 
793725101485052109: 3 4679 56545209196057 
7417221384466648551: 3 2472407128155549517 

real	0m14.038s

temps similaire à la 6

//Question 10

